1,869,620
2,35,620
3,708,620
4,772,620
5,828,620
6,106,620
7,202,620
8,355,620
9,1,620
10,939,620
11,536,620
12,537,620
13,345,620
14,640,620
15,866,620
16,303,620
17,956,620
18,620,620
19,537,620
20,907,620
21,21,620
22,953,620
23,492,620
24,51,620
25,430,620
26,382,620
27,585,620
28,620,620
29,624,620
30,19,620
31,692,620
32,533,620
33,991,620
34,995,620
35,418,620
36,93,620
37,620,620
38,964,620
39,296,620
40,430,620
41,149,620
42,838,620
43,372,620
44,516,620
45,831,620
46,823,620
47,301,620
48,422,620
49,571,620
50,852,620
51,295,620
52,640,620
53,615,620
54,629,620
55,486,620
56,666,620
57,171,620
58,542,620
59,980,620
60,633,620
61,363,620
62,894,620
63,157,620
64,632,620
65,197,620
66,726,620
67,207,620
68,715,620
69,520,620
70,856,620
71,536,620
72,767,620
73,893,620
74,160,620
75,719,620
76,297,620
77,705,620
78,619,620
79,629,620
80,362,620
81,416,620
82,515,620
83,116,620
84,403,620
85,782,620
86,357,620
87,525,620
88,755,620
89,574,620
90,816,620
91,240,620
92,930,620
93,278,620
94,937,620
95,204,620
96,49,620
97,993,620
98,951,620
99,855,620
100,433,620
101,692,620
102,472,620
103,455,620
104,956,620
105,989,620
106,630,620
107,686,620
108,915,620
109,268,620
110,450,620
111,36,620
112,557,620
113,846,620
114,67,620
115,334,620
116,897,620
117,582,620
